Angle		Cosine		Sine
0		0.0		1.0
15		0.25881904510252074		0.9659258262890683
30		0.49999999999999994		0.8660254037844387
45		0.7071067811865476		0.7071067811865476
60		0.8660254037844386		0.5000000000000001
75		0.9659258262890683		0.25881904510252074
90		1.0		6.123233995736766e-17
105		0.9659258262890683		-0.25881904510252085
120		0.8660254037844387		-0.4999999999999998
135		0.7071067811865476		-0.7071067811865475
150		0.49999999999999994		-0.8660254037844387
165		0.258819045102521		-0.9659258262890682
180		1.2246467991473532e-16		-1.0
195		-0.2588190451025208		-0.9659258262890683
210		-0.5000000000000001		-0.8660254037844386
225		-0.7071067811865475		-0.7071067811865477
240		-0.8660254037844385		-0.5000000000000004
255		-0.9659258262890683		-0.25881904510252063
270		-1.0		-1.8369701987210297e-16
285		-0.9659258262890684		0.2588190451025203
300		-0.8660254037844386		0.5000000000000001
315		-0.7071067811865477		0.7071067811865474
330		-0.5000000000000004		0.8660254037844384
345		-0.2588190451025207		0.9659258262890683
360		-2.4492935982947064e-16		1.0